# result
main_model_dir = "/media/workstation/Storage/Test/Dual_AL/dual_al_test_v18" #
train_name = "step_022"
rs = 123
train_dual_df = train_dual_df.sample(3500, random_state = rs)
test_dual_df = test_dual_df.sample(50, random_state = rs)

## Single features
Accuracy: 0.7931428571428571 0.740392826643894
AvgAcc: 0.4722923646907236 0.36228005465676877
QK: 0.582254339731914 0.44502490642467707
         0         1         2         3         4
0  0.975345  0.000194  0.022326  0.001165  0.000971
1  0.919149  0.014894  0.061702  0.002128  0.002128
2  0.632227  0.000948  0.336493  0.014218  0.016114
3  0.261628  0.000000  0.279070  0.436047  0.023256
4  0.217105  0.000000  0.144737  0.039474  0.598684
          0         1         2         3         4
0  0.956607  0.001767  0.031612  0.000589  0.009425
1  0.926276  0.000000  0.071834  0.000000  0.001890
2  0.708103  0.000921  0.213628  0.035912  0.041436
3  0.409091  0.000000  0.323864  0.204545  0.062500
4  0.267606  0.000000  0.218310  0.077465  0.436620

## Double features using 
Accuracy: 0.7945714285714286 0.740392826643894
AvgAcc: 0.4848670453367676 0.36368427446878665
QK: 0.5975712614629325 0.4553539529655264
          0         1         2         3         4
0  0.970491  0.000388  0.026985  0.000777  0.001359
1  0.910638  0.014894  0.068085  0.002128  0.004255
2  0.608531  0.001896  0.363981  0.009479  0.016114
3  0.244186  0.000000  0.296512  0.430233  0.029070
4  0.171053  0.000000  0.171053  0.013158  0.644737
          0         1         2         3         4
0  0.946593  0.001178  0.041429  0.000785  0.010014
1  0.916824  0.000000  0.081285  0.000000  0.001890
2  0.656538  0.000921  0.266114  0.028545  0.047882
3  0.392045  0.005682  0.363636  0.176136  0.062500
4  0.246479  0.000000  0.267606  0.056338  0.429577



## double
Accuracy: 0.798 0.7487902077996015
AvgAcc: 0.49577509901291733 0.37703144995909
QK: 0.6096566827555852 0.46470204986615415
          0         1         2         3         4
0  0.973597  0.000582  0.023879  0.000777  0.001165
1  0.897872  0.029787  0.072340  0.000000  0.000000
2  0.610427  0.001896  0.358294  0.019905  0.009479
3  0.220930  0.005814  0.279070  0.459302  0.034884
4  0.171053  0.000000  0.151316  0.019737  0.657895
          0         1         2         3         4
0  0.954447  0.001374  0.036128  0.000393  0.007658
1  0.939509  0.003781  0.052930  0.000000  0.003781
2  0.667587  0.000921  0.272560  0.029466  0.029466
3  0.352273  0.011364  0.346591  0.267045  0.022727
4  0.260563  0.000000  0.274648  0.077465  0.387324



rf (0.44580 kaggle)
Accuracy: 0.8104626334519573 0.7569029319669798
AvgAcc: 0.49492400120285424 0.34955059946673195
QK: 0.5983868290551794 0.4306219951153488
          0         1         2         3         4
0  0.994497  0.000000  0.005068  0.000386  0.000048
1  0.968130  0.009927  0.021421  0.000000  0.000522
2  0.650262  0.000000  0.345459  0.004280  0.000000
3  0.318508  0.000000  0.200861  0.476327  0.004304
4  0.213781  0.000000  0.109541  0.028269  0.648410
          0    1         2         3         4
0  0.979580  0.0  0.016297  0.000589  0.003534
1  0.964083  0.0  0.034026  0.001890  0.000000
2  0.746777  0.0  0.227440  0.020258  0.005525
3  0.488636  0.0  0.340909  0.153409  0.017045
4  0.309859  0.0  0.274648  0.028169  0.387324
(53576, 2)